1.849756946339796038e+00
2.686480510505182551e+00
1.002152423190147301e+00
2.912353587112499476e+00
4.141833719340180409e+00
2.843094504535188527e+00
6.878278554905645770e-01
2.690655411290978183e+00
1.061783977518611310e+00
1.830361510551045345e+00
2.373371957960749512e+00
1.643388158975403579e+00
3.972961961383051577e+00
2.565984643874689830e+00
2.841275223850625586e+00
3.553753020721122535e+00
2.848170498095441872e+00
1.924078370095967383e+00
1.152443481432424477e+00
2.152479343051038274e+00
4.403625828072207149e+00
2.342693463717297586e+00
3.453403838642766566e+00
1.521904140958499241e+00
3.046086579341277911e+00
2.655929276900382163e+00
6.506088794010969067e-01
2.146292953926044689e+00
4.985044445620750331e+00
3.191269017397697194e+00
3.678423923218511860e+00
3.527588486639836596e+00
3.312018233068174666e+00
1.861952419167116624e+00
2.744831955646748867e+00
2.692969937650411261e+00
3.835461612100711903e+00
1.225186198180139963e+00
4.863545674862249868e+00
3.306155574529441754e+00
1.652042811155294055e+00
2.471349003608336758e+00
3.740698888202421024e+00
2.719889331700890533e+00
2.522802942840200124e+00
1.880463748494052290e+00
4.081316856424791695e+00
3.226707811730717523e+00
2.202799756061112557e+00
3.187467564212461468e+00
2.727073218110541486e+00
2.703744226972694342e+00
3.604257639268903191e+00
-1.034641609344086888e-01
3.169298316883305766e+00
3.782063117104233818e+00
2.834172926756928668e+00
1.969634019420285487e+00
3.132056941395567229e+00
2.508979586679676910e+00
3.556664003716849098e+00
3.360113531109722995e+00
3.650193609887291579e+00
1.384370253076035118e+00
1.140643949916418709e+00
2.790823491766461828e+00
1.889833994864276390e+00
2.164812919888205123e+00
3.551216219099491589e+00
2.647735367380379845e+00
2.795448661672006008e+00
2.237202593936014061e+00
4.490193179020062431e+00
3.402243448925578839e+00
2.788591824859302903e+00
1.516136942446571378e+00
3.063717734625809985e+00
2.550776658831376498e+00
1.962875367161475371e+00
2.284331308566194263e+00
2.416624692771198291e+00
1.356786179982884422e+00
2.372272054042868117e+00
2.341683708665690755e+00
1.307608715515714781e+00
1.660890875212789553e+00
3.947345697738818160e+00
2.550282403154639610e+00
4.399465602572594669e+00
2.258593966741415660e+00
3.461095320697490596e+00
4.159526560050164079e+00
2.131838197638497245e+00
2.449311666074952321e+00
2.966492772786224474e+00
1.096500010673943315e+00
2.521492771847405834e+00
2.359246679403214753e+00
3.069003452601776871e+00
2.677393424219069562e+00
